saas.sin.fan:443#▼ 优选域名 TOP10 | 05-26 05:14 | YouTube@真香定律
yg1.ygkkk.dpdns.org:443#yg1.ygkkk.dpdns.org
cloudflare.468123.xyz:443#cloudflare.468123.xyz
2.cf.3666888.xyz:443#2.cf.3666888.xyz
test.509666.xyz:443#test.509666.xyz
openai.com:443#openai.com
gh-proxy.com:443#gh-proxy.com
www.cdzxdz.com:443#www.cdzxdz.com
cmcc.cc.cd:443#cmcc.cc.cd
test2.509666.xyz:443#test2.509666.xyz
cfsaas.080112.xyz:443#cfsaas.080112.xyz
bestcf.030101.xyz:443#▲ 优选域名 | 分享免费优选网 BestCF.pages.dev | VPS789 7*24监测
