saas.sin.fan:443#▼ 优选域名 TOP10 | 05-18 19:13 | YouTube@真香定律
baka.fun:443#baka.fun
openai.com:443#openai.com
1.cf.3666888.xyz:443#1.cf.3666888.xyz
www.xiaoshuofen.com:443#www.xiaoshuofen.com
www.leics.police.uk:443#www.leics.police.uk
sg.cf.3666888.xyz:443#sg.cf.3666888.xyz
cloudflare.rainyfall.com:443#cloudflare.rainyfall.com
bestcfv4.030101.xyz:443#bestcfv4.030101.xyz
youxuan.cf.3666888.xyz:443#youxuan.cf.3666888.xyz
hk.cf.3666888.xyz:443#hk.cf.3666888.xyz
bestcf.030101.xyz:443#▲ 优选域名 | 分享免费优选网 BestCF.pages.dev | VPS789 7*24监测
