saas.sin.fan:443#VPS789优选域名 TOP20 | 05-31 06:12 | BestCF.pages.dev
openai.com:443#VPS789优选 | openai.com
123.cf.3666888.xyz:443#VPS789优选 | 123.cf.3666888.xyz
cdn.2158.cc:443#VPS789优选 | cdn.2158.cc
freeyx.cloudflare88.eu.org:443#VPS789优选 | freeyx.cloudflare88.eu.org
vip.cf.3666888.xyz:443#VPS789优选 | vip.cf.3666888.xyz
adnjv.cf.3666888.xyz:443#VPS789优选 | adnjv.cf.3666888.xyz
cfyx.qdqqd.com:443#VPS789优选 | cfyx.qdqqd.com
test.509666.xyz:443#VPS789优选 | test.509666.xyz
cmcc.vvvv.ee:443#VPS789优选 | cmcc.vvvv.ee
www.akasantech.com:443#VPS789优选 | www.akasantech.com
yyurl.cc:443#VPS789优选 | yyurl.cc
www.fastsoso.cn:443#VPS789优选 | www.fastsoso.cn
gh-proxy.com:443#VPS789优选 | gh-proxy.com
cdn.7zz.cn:443#VPS789优选 | cdn.7zz.cn
cdn.cf.3666888.xyz:443#VPS789优选 | cdn.cf.3666888.xyz
cf.92555.xyz:443#VPS789优选 | cf.92555.xyz
yg9.ygkkk.dpdns.org:443#VPS789优选 | yg9.ygkkk.dpdns.org
zeas.top:443#VPS789优选 | zeas.top
test2.509666.xyz:443#VPS789优选 | test2.509666.xyz
www.epicgames.com:443#VPS789优选 | www.epicgames.com
bestcf.030101.xyz:443#VPS789优选域名 | 分享免费优选网 BestCF.pages.dev
