saas.sin.fan:443#▼ 优选域名 TOP20 | 05-18 19:13 | YouTube@真香定律
baka.fun:443#baka.fun
openai.com:443#openai.com
1.cf.3666888.xyz:443#1.cf.3666888.xyz
www.xiaoshuofen.com:443#www.xiaoshuofen.com
www.leics.police.uk:443#www.leics.police.uk
sg.cf.3666888.xyz:443#sg.cf.3666888.xyz
cloudflare.rainyfall.com:443#cloudflare.rainyfall.com
bestcfv4.030101.xyz:443#bestcfv4.030101.xyz
youxuan.cf.3666888.xyz:443#youxuan.cf.3666888.xyz
hk.cf.3666888.xyz:443#hk.cf.3666888.xyz
www.nexusmods.com:443#www.nexusmods.com
zeas.top:443#zeas.top
freeyx.cloudflare88.eu.org:443#freeyx.cloudflare88.eu.org
cdn.262832.xyz:443#cdn.262832.xyz
cloudflare.idc.rocks:443#cloudflare.idc.rocks
cf1s.cf.3666888.xyz:443#cf1s.cf.3666888.xyz
123.cf.3666888.xyz:443#123.cf.3666888.xyz
2.cf.3666888.xyz:443#2.cf.3666888.xyz
qocu.cf.3666888.xyz:443#qocu.cf.3666888.xyz
uac.cf.3666888.xyz:443#uac.cf.3666888.xyz
bestcf.030101.xyz:443#▲ 优选域名 | 分享免费优选网 BestCF.pages.dev | VPS789 7*24监测
